703
1452
2135
3603
4294
5100
6032
6057
6800
7464
8311
9154
9591
10318
11302
12074
12497
13828
14463
15260
15686
16280
17516
18201
18632
19552
20048
21531
21931
23274
24288
23684
24838
25080
26114
27160
28711
29056
29150
30619
31228
32237
31989
33074
34154
35310
37104
36244
37161
37873
38488
39260
40633
40513
43582
42862
43783
43643
45079
44906
46213
47347
48250
49449
48652
50092
51739
51315
51875
54107
54202
54545
56122
57046
57138
57436
58665
59239
60778
60174
62449
62768
63625
62996
69672
63873
66942
64753
65830
66972
68946
67961
68050
69843
73883
75069
75392
73714
75915
76131
76378
78183
78481
79443
79081
79801
82851
81041
83095
84147
84856
85610
86442
85857
87389
89296
87905
89847
91537
90185
93165
94380
92608
92949
93571
95445
96062
97313
98664
99643
99573
101201
102344
101132
103159
102406
100772
102349
106360
106704
107183
108687
107999
108168
110893
111785
112203
113238
114349
114458
114112
117184
119693
117283
118050
118995
119468
119236
121230
122879
120752
121721
123813
124101
126389
125491
125318
125302
123957
125936
127190
125996
127708
128198
130694
131907
135333
133193
132790
134776
136386
138943
140347
140115
139462
145137
140712
144058
144621
145767
147846
147909
145398
146191
149153
149363
152662
152388
150488
152406
152351
155122
157654
157417
157321
156809
156138
159315
161849
158512
159240
164544
160116
162560
162006
166570
166206
165224
163274
164396
168366
169064
168508
169460
166418
171976
175890
175682
174698
177084
178332
176700
177850
176218
178800
181900
181298
181466
183520
179582
181070
186652
186904
183320
186596
186244
187724
182664
184836
