738
1446
2178
2974
3834
4569
5223
6094
6853
7570
8188
9026
9820
10469
11363
11958
12924
13515
14160
14889
16095
16558
16831
18024
18592
19705
21176
20664
21491
22718
23221
24058
24878
25128
26693
26671
27420
27981
29067
29519
31384
32415
32658
33463
34084
35112
35525
36268
36157
37696
37682
38801
39966
39725
41423
42304
42444
43475
43833
45430
45565
46450
48583
48960
48668
50022
51575
51035
52321
53725
54617
55012
55554
57103
56367
57247
57362
57838
60073
59165
62581
61348
63535
63661
63421
64755
65661
67020
67955
67198
67196
70510
69235
71634
73241
73963
74033
75455
74507
75866
75812
77912
79747
79007
79510
80548
81766
81647
82538
84360
85797
85034
86698
86911
86352
86706
87721
88405
89914
89710
92627
90677
95749
93852
96042
96064
94787
96319
96648
97482
97543
99192
98859
99828
104050
104988
103444
104307
103913
105060
103478
105016
109207
105153
109687
110048
108224
109317
111681
111990
112779
113316
118415
118910
114377
116957
121523
117731
120125
118945
121342
119629
122914
125840
126702
123213
123987
126369
125560
126610
128950
130378
131222
132799
131584
133652
134019
132013
134434
133347
138069
139975
138726
140604
136914
141571
140928
140511
144115
142094
141624
145228
143626
145072
146402
144542
146717
149299
149638
155195
153612
153724
151239
153226
156573
158086
154344
154714
155546
156625
156723
157504
156616
159412
161278
161888
162650
164684
163240
167806
165266
165000
166596
168232
172848
165926
169394
168350
172170
169740
172452
178372
176692
177682
175928
174176
174142
174668
179714
183462
183592
182080
182608
179538
184892
182582
186212
188526
188224
