38
20
18
32
20
20
16
20
18
16
20
20
16
20
20
20
18
18
20
18
20
20
20
20
20
20
20
18
20
18
18
20
20
20
18
18
18
20
20
18
20
16
24
24
22
20
20
20
22
20
20
20
20
22
22
20
22
20
20
20
20
20
20
20
20
20
20
20
20
20
20
20
24
18
22
20
22
22
22
20
22
42
28
20
20
24
22
22
28
22
22
22
28
24
22
20
24
24
20
24
24
24
20
24
42
24
22
22
20
28
24
20
20
24
22
20
26
24
22
20
28
20
22
24
26
22
24
22
28
26
26
26
20
22
24
24
22
22
26
22
20
22
28
72
24
24
24
22
22
24
24
22
22
22
24
22
24
22
22
20
22
40
24
22
22
24
22
20
20
20
24
24
22
52
56
28
24
22
26
24
22
28
24
24
24
22
24
24
22
22
24
22
26
24
24
24
20
22
30
24
22
20
24
24
30
22
22
22
22
22
24
20
28
24
24
22
26
24
26
24
24
20
24
22
28
24
26
24
24
24
24
40
26
24
26
24
26
24
24
24
26
24
24
24
24
24
22
22
24
