50
34
16
18
18
16
20
16
16
18
22
20
18
20
18
18
28
18
20
18
20
22
22
20
20
20
20
20
18
22
20
20
16
30
30
26
20
20
20
18
20
16
24
22
20
22
24
20
20
20
20
20
20
20
20
20
24
20
24
22
22
20
20
28
36
20
22
22
22
22
22
18
22
28
22
22
22
20
22
20
20
20
20
20
20
24
22
24
20
24
24
24
32
24
22
24
26
24
24
20
20
22
20
20
22
24
22
24
22
24
22
22
24
24
24
20
20
24
22
20
24
22
22
22
22
64
24
42
26
24
26
24
22
22
24
20
22
24
26
22
20
28
30
22
34
24
22
20
24
24
24
22
24
24
26
22
22
24
22
20
24
22
24
20
22
22
22
20
30
20
24
24
24
24
24
24
24
24
24
24
22
24
24
24
22
24
24
26
22
24
38
28
28
26
26
24
20
22
24
20
22
22
22
24
24
24
22
24
22
24
24
24
20
22
24
24
40
26
26
22
24
22
24
22
26
24
26
24
24
20
24
20
24
22
24
30
24
24
22
24
38
22
26
24
24
20
24
22
26
